Aki  (1704,1214)  (1656,1261)  (1656,1213)  (1751,1262)  (1704,1166)  (1752,1166)  (1752,1214)  (1654,1165)  (1786,1310)  (1606,1185)  (1606,1137)  (1780,1358)  (1778,1406)
AwaH  (4615,2414)  (4567,2461)  (4567,2413)  (4662,2462)  (4615,2366)  (4663,2366)  (4663,2414)  (4565,2365)  (4614,2509)  (4566,2509)  (4519,2461)  (4519,2413)  (4710,2462)  (4518,2510)  (4613,2318)  (4661,2318)  (4709,2318)  (4711,2366)  (4711,2414)  (4531,2317)  (4758,2462)  (4579,2270)  (4627,2270)  (4759,2323)  (4759,2371)  (4806,2419)
Awaji  (2349,1939)  (2301,1986)  (2301,1938)  (2396,1987)  (2367,1891)  (2397,1939)  (2415,1873)  (2463,1847)
AwaS  (1999,2082)  (1951,2127)  (1951,2079)  (2046,2130)  (1999,2034)  (2047,2034)  (2047,2082)  (1998,2175)  (2094,2130)  (2094,2178)  (2046,2178)  (1953,1986)  (2095,2011)  (2095,2059)  (2143,2014)  (2143,2062)
Bingo  (1923,1250)  (1875,1297)  (1875,1249)  (1966,1298)  (1923,1202)  (1971,1202)  (1971,1250)  (1873,1201)  (1918,1345)  (1870,1345)  (1970,1346)  (1921,1154)  (1969,1154)  (2017,1154)  (1839,1153)  (1922,1393)  (1874,1393)  (1978,1394)  (1894,1106)  (1942,1106)  (1930,1441)  (1911,1058)
Bitchu  (2110,1365)  (2062,1412)  (2062,1364)  (2157,1413)  (2110,1317)  (2158,1317)  (2158,1365)  (2060,1316)  (2109,1460)  (2061,1460)  (2172,1461)  (2108,1269)  (2156,1269)  (2206,1372)  (2043,1268)  (2124,1508)  (2076,1508)  (2028,1508)  (2091,1221)  (2139,1221)  (2089,1173)
Bizen  (2323,1497)  (2275,1544)  (2275,1496)  (2370,1545)  (2323,1449)  (2371,1449)  (2371,1497)  (2273,1448)  (2227,1555)  (2227,1507)  (2418,1545)  (2418,1593)  (2419,1435)  (2419,1483)  (2259,1400)  (2179,1577)
Blue  (5625,2395)
Bungo  (1235,1558)  (1187,1605)  (1187,1557)  (1282,1606)  (1235,1510)  (1283,1510)  (1283,1558)  (1185,1509)  (1234,1653)  (1139,1644)  (1139,1596)  (1330,1606)  (1330,1654)  (1282,1654)  (1233,1462)  (1331,1506)  (1331,1554)  (1137,1548)  (1137,1500)  (1185,1461)  (1234,1701)  (1354,1702)  (1306,1702)  (1239,1414)  (1287,1401)  (1335,1381)  (1283,1353)  (1331,1333)
Buzen  (1034,1196)  (986,1224)  (986,1176)  (1081,1244)  (1034,1148)  (1082,1148)  (1082,1196)  (965,1128)  (1033,1272)  (1129,1264)  (1081,1292)  (1013,1100)  (1149,1312)  (917,1127)  (965,1080)  (1197,1300)  (1197,1348)  (1186,1396)
Central Mutsu  (5371,917)  (5323,964)  (5323,916)  (5418,965)  (5371,869)  (5419,869)  (5419,917)  (5321,868)  (5370,1012)  (5322,1012)  (5275,964)  (5275,916)  (5466,965)  (5466,1013)  (5418,1013)  (5274,1013)  (5369,821)  (5417,821)  (5465,821)  (5467,869)  (5467,917)  (5299,820)  (5513,775)  (5370,1060)  (5322,1060)  (5227,965)  (5514,965)  (5514,1013)  (5487,1061)  (5439,1061)  (5274,1061)  (5226,1061)  (5226,1013)  (5347,773)  (5395,773)  (5443,773)  (5515,823)  (5515,871)  (5297,772)  (5491,727)  (5539,727)  (5561,775)  (5391,1108)  (5343,1108)  (5295,1109)  (5247,1109)  (5178,1073)  (5178,1025)  (5345,725)  (5393,725)  (5441,725)  (5563,881)
Chikugo  (854,1552)  (806,1599)  (806,1551)  (901,1600)  (854,1504)  (902,1515)  (804,1503)  (853,1647)  (758,1606)  (852,1456)  (756,1482)  (804,1455)  (764,1407)  (812,1407)  (759,1359)
Chikuzen  (919,1322)  (871,1350)  (871,1302)  (966,1370)  (919,1274)  (967,1317)  (850,1254)  (918,1398)  (1014,1365)  (1014,1413)  (966,1418)  (802,1274)  (802,1226)  (850,1206)  (1057,1461)  (1062,1391)  (1009,1466)  (961,1466)  (774,1178)  (754,1250)  (1015,1514)  (726,1202)
East Echigo  (4792,872)  (4744,919)  (4744,871)  (4839,920)  (4792,824)  (4840,824)  (4840,872)  (4704,967)  (4696,919)  (4696,871)  (4846,776)  (4888,824)  (4888,872)  (4894,770)  (4656,1007)  (4648,959)  (4648,911)  (4936,818)  (4936,866)  (4918,722)  (4942,770)  (4984,818)
East Higo  (1014,1702)  (966,1749)  (966,1701)  (1061,1750)  (1014,1654)  (1062,1689)  (964,1653)  (1013,1797)  (965,1797)  (1109,1737)  (1109,1785)  (1061,1798)  (1012,1606)  (1144,1833)  (1157,1727)  (1157,1775)  (1205,1787)
East Kii  (2789,2440)  (2741,2487)  (2741,2439)  (2836,2488)  (2789,2392)  (2837,2392)  (2837,2440)  (2788,2535)  (2740,2535)  (2693,2487)  (2693,2439)  (2692,2536)  (2805,2344)  (2853,2344)  (2885,2392)  (2901,2328)  (2763,2583)  (2715,2584)  (2667,2584)  (2813,2296)  (2861,2280)  (2949,2311)  (2843,2232)  (2891,2232)
East Tosa  (1843,2040)  (1795,2081)  (1890,2088)  (1803,1992)  (1851,1992)  (1891,2040)  (1899,1984)  (1896,2136)  (1786,1944)  (1834,1944)  (1906,2184)  (1858,2216)
Echizen  (3391,1231)  (3343,1278)  (3343,1230)  (3438,1279)  (3391,1183)  (3439,1183)  (3439,1231)  (3341,1182)  (3389,1135)  (3437,1135)  (3487,1214)  (3487,1262)  (3310,1134)  (3358,1087)  (3406,1087)  (3313,1039)  (3361,1039)  (3409,1039)  (3397,991)
Etchu  (3958,1154)  (3910,1201)  (3910,1153)  (4005,1202)  (3958,1106)  (4006,1106)  (4006,1154)  (3908,1105)  (3957,1249)  (3862,1189)  (4053,1202)  (4053,1250)  (4005,1250)  (4054,1076)  (4054,1124)  (3860,1141)  (3860,1093)  (4069,1298)  (4021,1298)  (4102,1080)  (4102,1128)  (3812,1103)  (4150,1080)  (4150,1128)
Green  (5733,2395)
Hida  (3806,1391)  (3758,1438)  (3758,1390)  (3853,1439)  (3806,1343)  (3854,1343)  (3854,1391)  (3756,1342)  (3805,1486)  (3710,1390)  (3901,1439)  (3876,1487)  (3804,1295)  (3852,1295)  (3902,1303)  (3902,1351)  (3708,1342)  (3756,1294)  (3828,1534)  (3780,1534)  (3949,1399)  (3824,1247)  (3950,1341)  (3660,1374)  (3828,1582)
Hitachi  (4863,1629)  (4815,1676)  (4815,1628)  (4910,1677)  (4863,1581)  (4911,1581)  (4911,1629)  (4813,1580)  (4862,1724)  (4814,1724)  (4958,1677)  (4958,1725)  (4910,1725)  (4861,1533)  (4909,1533)  (4957,1533)  (4959,1581)  (4959,1629)  (4939,1773)  (4891,1773)  (4841,1485)  (4889,1485)  (4937,1485)  (4933,1821)  (4915,1437)  (4963,1437)  (4925,1869)  (4967,1389)  (5015,1364)  (4988,1316)  (5003,1268)
Hizen  (533,1360)  (485,1407)  (485,1359)  (580,1408)  (533,1312)  (581,1312)  (581,1360)  (483,1311)  (532,1455)  (484,1455)  (437,1403)  (628,1408)  (612,1456)  (531,1264)  (579,1264)  (627,1264)  (629,1312)  (435,1355)  (461,1263)  (655,1504)  (607,1504)  (588,1216)  (677,1285)  (450,1215)  (498,1215)  (587,1168)
Hoki  (2191,1028)  (2143,1075)  (2143,1027)  (2238,1076)  (2191,980)  (2239,980)  (2239,1028)  (2190,1123)  (2142,1123)  (2095,1075)  (2286,1076)  (2165,932)  (2213,932)  (2261,932)  (2309,895)  (2169,884)  (2217,884)
Hyuga  (929,1995)  (881,2042)  (881,1994)  (976,2043)  (929,1947)  (977,1947)  (977,1995)  (879,1946)  (928,2090)  (880,2090)  (833,2040)  (951,1899)  (999,1899)  (1025,1947)  (831,1992)  (831,1944)  (1047,1890)  (964,2138)  (916,2138)  (868,2138)  (783,1982)  (783,1934)  (930,2186)  (882,2186)  (735,1922)  (888,2234)  (840,2234)  (854,2282)
Iga  (3256,1922)  (3208,1969)  (3208,1921)  (3303,1970)  (3256,1874)  (3304,1874)  (3304,1922)  (3255,2017)  (3207,2017)  (3213,1826)  (3261,1826)  (3309,1826)  (3159,2034)  (3357,1788)  (3280,2065)  (3232,2065)  (3213,1778)  (3261,1778)  (3309,1778)  (3184,2082)  (3136,2082)  (3357,1740)  (3303,1730)  (3212,2130)  (3164,2130)
Iki  (909,687)  (861,734)  (861,686)  (956,735)  (918,639)  (957,687)  (859,638)  (966,630)  (813,698)  (1005,678)
Inaba  (2456,989)  (2408,1036)  (2408,988)  (2503,1037)  (2456,941)  (2504,941)  (2504,989)  (2406,940)  (2455,1084)  (2360,1030)  (2542,1085)  (2454,893)  (2502,893)  (2358,982)  (2367,892)  (2494,1132)  (2563,1133)  (2415,845)  (2463,845)  (2511,845)
Iwami  (1743,980)  (1695,1027)  (1695,979)  (1790,1028)  (1743,932)  (1791,932)  (1791,980)  (1693,931)  (1742,1075)  (1647,1068)  (1647,1020)  (1838,1028)  (1826,1076)  (1741,884)  (1789,884)  (1837,884)  (1839,932)  (1839,980)  (1645,972)  (1666,883)  (1599,1048)
Iyo  (1589,1824)  (1541,1871)  (1541,1823)  (1636,1872)  (1589,1776)  (1637,1776)  (1637,1824)  (1539,1775)  (1493,1906)  (1493,1858)  (1684,1872)  (1587,1728)  (1635,1728)  (1683,1728)  (1685,1776)  (1685,1824)  (1491,1810)  (1731,1685)  (1445,1906)  (1445,1858)  (1733,1733)  (1397,1899)
Izu  (4068,2389)  (4020,2436)  (4020,2388)  (4115,2437)  (4068,2341)  (4116,2341)  (4116,2389)  (4067,2484)  (4019,2484)  (3972,2436)  (3971,2485)  (4097,2293)  (4145,2293)  (4164,2341)  (4193,2264)  (4000,2533)  (3952,2533)  (4178,2216)  (4241,2239)  (4199,2168)
Izumi  (2614,2232)  (2566,2279)  (2566,2231)  (2661,2280)  (2614,2184)  (2662,2184)  (2662,2232)  (2564,2183)  (2613,2327)  (2565,2327)  (2518,2279)  (2518,2231)  (2709,2280)  (2709,2328)  (2661,2328)  (2612,2136)  (2660,2136)  (2708,2136)  (2710,2184)  (2710,2232)  (2516,2183)  (2516,2135)  (2564,2135)  (2757,2280)  (2758,2156)  (2758,2204)  (2468,2217)  (2468,2169)
Izumo  (2016,892)  (1968,939)  (1968,891)  (2063,940)  (2016,844)  (2064,844)  (2064,892)  (1966,843)  (2015,987)  (1967,987)  (1920,920)  (2064,988)  (2014,796)  (2062,796)  (2110,796)  (2112,844)  (1918,872)  (2158,772)  (2016,1035)
Kaga  (3615,1170)  (3567,1210)  (3567,1162)  (3662,1218)  (3615,1122)  (3663,1122)  (3663,1170)  (3558,1114)  (3614,1258)  (3710,1218)  (3663,1266)  (3606,1074)  (3654,1074)  (3711,1113)  (3711,1161)  (3510,1089)  (3558,1066)  (3489,1041)  (3758,1209)  (3759,1150)  (3537,1018)  (3480,993)  (3528,970)  (3475,945)
Kai  (4220,1665)  (4172,1712)  (4172,1664)  (4267,1713)  (4220,1617)  (4268,1617)  (4268,1665)  (4170,1616)  (4124,1728)  (4124,1680)  (4315,1713)  (4312,1761)  (4264,1761)  (4218,1569)  (4266,1569)  (4314,1569)  (4316,1617)  (4316,1665)  (4122,1632)  (4076,1720)  (4363,1713)  (4364,1585)  (4364,1633)  (4074,1672)  (4074,1624)  (4411,1681)  (4411,1729)
Kawachi  (2815,1953)  (2767,2000)  (2767,1952)  (2862,2001)  (2815,1905)  (2863,1905)  (2863,1953)  (2814,2048)  (2766,2048)  (2719,1931)  (2910,2001)  (2910,2049)  (2862,2049)  (2806,1857)  (2854,1857)  (2902,1857)  (2911,1905)  (2911,1953)  (2814,2096)  (2908,2097)  (2849,1809)  (2897,1809)  (2945,1802)  (2891,1761)  (2939,1754)  (2903,1706)  (2951,1706)  (2921,1658)  (2969,1658)  (2918,1610)  (2966,1610)
Kazusa  (4853,2201)  (4805,2248)  (4805,2200)  (4900,2249)  (4853,2153)  (4901,2153)  (4901,2201)  (4803,2152)  (4852,2296)  (4757,2252)  (4757,2204)  (4948,2249)  (4851,2105)  (4899,2105)  (4947,2105)  (4949,2153)  (4949,2201)  (4755,2156)  (4709,2216)  (4996,2249)  (4997,2152)  (4997,2200)  (4707,2168)  (5044,2248)
Kozuke  (4432,1322)  (4384,1369)  (4384,1321)  (4479,1370)  (4432,1274)  (4480,1274)  (4480,1322)  (4382,1273)  (4336,1338)  (4527,1370)  (4527,1418)  (4479,1418)  (4446,1226)  (4494,1226)  (4528,1274)  (4528,1322)  (4334,1290)  (4334,1242)  (4542,1212)  (4575,1375)  (4575,1423)  (4527,1466)  (4576,1260)  (4286,1308)  (4286,1260)
Mimasaka  (2354,1255)  (2306,1302)  (2306,1254)  (2401,1303)  (2354,1207)  (2402,1207)  (2402,1255)  (2304,1206)  (2353,1350)  (2258,1316)  (2258,1268)  (2449,1303)  (2449,1351)  (2401,1351)  (2352,1159)  (2400,1159)  (2256,1220)  (2298,1158)  (2357,1111)
Nagato  (1365,961)  (1317,1008)  (1317,960)  (1413,918)  (1413,966)  (1315,912)  (1269,1022)  (1269,974)  (1461,912)  (1461,960)  (1267,926)  (1221,1040)  (1221,992)  (1509,902)  (1509,950)  (1509,998)  (1219,944)  (1219,896)  (1173,1021)  (1557,884)  (1557,932)  (1557,980)
North Dewa  (5091,526)  (5043,573)  (5043,525)  (5138,574)  (5091,478)  (5139,478)  (5139,526)  (5041,477)  (5090,621)  (5042,621)  (5186,574)  (5186,622)  (5138,622)  (5089,430)  (5137,430)  (5185,430)  (5187,478)  (5187,526)  (4993,487)  (4994,624)  (5063,669)  (5234,657)  (5186,670)  (5138,670)  (5093,382)  (5141,382)  (5189,382)  (4945,486)  (5015,672)  (5101,334)  (5149,334)  (5197,334)  (5043,720)  (5134,286)  (5182,286)
North Harima  (2623,1342)  (2575,1389)  (2575,1341)  (2670,1390)  (2623,1294)  (2671,1294)  (2671,1342)  (2573,1293)  (2622,1437)  (2685,1438)  (2621,1246)  (2525,1306)  (2525,1258)  (2573,1245)
North Ise  (3455,1917)  (3407,1964)  (3407,1916)  (3502,1965)  (3455,1869)  (3503,1869)  (3503,1917)  (3405,1868)  (3454,2012)  (3406,2012)  (3358,2013)  (3453,1821)  (3501,1821)  (3551,1832)  (3412,2060)  (3364,2061)
North Mikawa  (3765,1986)  (3717,2033)  (3812,2034)  (3731,1938)  (3779,1938)  (3813,1986)  (3827,1924)  (3764,2081)  (3716,2081)  (3812,2082)  (3766,1890)  (3814,1876)  (3764,2129)
North Mino  (3578,1472)  (3530,1519)  (3530,1471)  (3625,1520)  (3578,1424)  (3626,1429)  (3528,1423)  (3577,1567)  (3529,1567)  (3673,1477)  (3673,1525)  (3625,1568)  (3480,1400)  (3528,1375)  (3502,1327)  (3550,1327)
North Musashi  (4541,1698)  (4493,1745)  (4588,1746)  (4496,1650)  (4544,1650)  (4589,1698)  (4592,1647)  (4540,1793)  (4492,1793)  (4636,1749)  (4588,1794)  (4461,1602)  (4509,1602)  (4639,1797)  (4557,1599)  (4605,1599)  (4428,1554)  (4476,1554)  (4619,1845)  (4524,1551)  (4572,1551)
North Mutsu  (5380,545)  (5332,592)  (5332,544)  (5427,593)  (5380,497)  (5428,497)  (5428,545)  (5330,496)  (5284,609)  (5284,561)  (5475,593)  (5378,449)  (5426,449)  (5474,449)  (5476,497)  (5476,545)  (5282,513)  (5282,465)  (5330,448)  (5274,417)  (5522,403)  (5378,401)  (5426,401)  (5474,401)  (5524,516)  (5524,564)  (5322,400)  (5258,369)  (5522,355)  (5370,353)  (5418,353)  (5306,352)  (5256,321)  (5304,304)  (5352,304)  (5573,283)  (5255,273)  (5303,256)  (5351,256)  (5577,235)  (5625,223)  (5522,216)  (5300,208)  (5348,208)  (5473,204)  (5570,187)  (5521,168)
North Shinano  (4171,1400)  (4123,1447)  (4123,1399)  (4218,1448)  (4171,1352)  (4219,1352)  (4219,1400)  (4121,1351)  (4141,1495)  (4093,1495)  (4075,1447)  (4075,1399)  (4266,1448)  (4266,1496)  (4169,1304)  (4217,1304)  (4267,1369)  (4045,1512)  (4027,1464)  (4314,1425)  (4314,1473)  (4362,1451)  (4362,1499)
Noto  (3735,795)  (3687,841)  (3687,793)  (3782,843)  (3735,747)  (3783,747)  (3783,795)  (3655,889)  (3639,841)  (3831,740)  (3831,788)  (3607,922)  (3657,937)  (3879,750)  (3879,798)  (3707,954)  (3659,985)  (3927,754)  (3927,802)  (3709,1002)  (3975,767)
Oki  (2573,377)  (2525,404)  (2525,356)  (2601,425)  (2582,329)  (2621,377)  (2630,320)  (2497,452)  (2477,404)  (2669,368)
Omi  (3361,1506)  (3313,1524)  (3313,1476)  (3408,1554)  (3361,1458)  (3409,1458)  (3409,1506)  (3360,1572)  (3282,1428)  (3265,1502)  (3456,1602)  (3408,1602)  (3330,1410)  (3378,1410)  (3457,1461)  (3234,1454)  (3234,1406)  (3282,1380)  (3484,1650)  (3436,1650)  (3186,1440)  (3498,1698)  (3450,1698)  (3138,1436)
Orange  (5851,2395)
Osumi  (713,2160)  (665,2207)  (665,2159)  (760,2208)  (713,2112)  (761,2112)  (761,2160)  (712,2255)  (664,2255)  (617,2177)  (670,2064)  (718,2064)  (616,2278)  (711,2303)  (647,2016)  (695,2016)  (652,2326)  (604,2326)  (556,2350)
Owari  (3542,2063)  (3494,2093)  (3562,2015)  (3590,2063)  (3590,2111)  (3542,2111)  (3610,1978)  (3494,2141)  (3446,2141)  (3638,2026)  (3567,2159)  (3658,1947)  (3519,2189)  (3471,2189)  (3423,2189)  (3521,2237)  (3473,2237)  (3425,2237)  (3451,2285)  (3403,2285)
Red  (5516,2395)
Sado  (4339,607)  (4291,628)  (4291,580)  (4386,655)  (4339,559)  (4387,559)  (4387,607)  (4338,676)  (4243,622)  (4434,655)  (4395,703)  (4431,511)  (4290,720)  (4347,724)
Sagami  (4285,2034)  (4237,2081)  (4237,2033)  (4332,2082)  (4285,1986)  (4333,1986)  (4333,2034)  (4284,2129)  (4370,2130)  (4259,1938)  (4307,1938)  (4355,1938)  (4381,1986)  (4403,1916)  (4418,2174)  (4322,2177)  (4274,2177)  (4370,2178)  (4303,1890)  (4351,1890)  (4399,1868)  (4409,2226)  (4361,2226)  (4311,1842)  (4359,1820)  (4407,1820)  (4409,2274)  (4361,2274)  (4397,2322)
Sanuki  (1981,1872)  (1933,1919)  (1933,1871)  (2028,1920)  (1981,1824)  (2029,1824)  (2029,1872)  (1931,1823)  (1885,1886)  (2076,1920)  (2077,1798)  (2077,1846)  (1883,1838)  (1839,1790)  (2124,1894)  (2124,1942)  (2125,1836)  (1835,1868)  (1791,1820)  (2172,1929)
Satsuma  (541,1941)  (493,1988)  (493,1940)  (588,1989)  (541,1893)  (589,1893)  (589,1941)  (491,1892)  (540,2036)  (492,2036)  (592,2037)  (539,1845)  (637,1877)  (637,1925)  (491,1805)  (532,2084)  (484,2084)  (492,2132)  (444,2133)  (396,2147)  (494,2180)  (446,2181)  (496,2228)
Settsu  (2722,1712)  (2674,1759)  (2674,1711)  (2769,1760)  (2722,1664)  (2770,1664)  (2770,1712)  (2672,1663)  (2721,1807)  (2673,1807)  (2626,1759)  (2625,1808)  (2720,1616)  (2768,1616)  (2816,1616)  (2818,1664)  (2818,1712)  (2736,1855)  (2577,1815)
Shima  (3182,2523)  (3134,2570)  (3134,2522)  (3229,2571)  (3182,2475)  (3230,2475)  (3230,2523)  (3132,2474)  (3086,2569)  (3277,2571)  (3277,2619)  (3229,2619)  (3180,2427)  (3228,2427)  (3278,2515)  (3084,2521)  (3084,2473)  (3132,2426)  (3325,2568)  (3241,2379)  (3036,2565)  (3036,2517)  (3036,2469)  (2988,2547)  (2988,2499)  (2940,2512)
Shimosa  (4750,1947)  (4702,1994)  (4702,1946)  (4797,1995)  (4750,1899)  (4798,1899)  (4798,1947)  (4700,1898)  (4749,2042)  (4845,1995)  (4833,2043)  (4748,1851)  (4796,1851)  (4844,1851)  (4846,1899)  (4846,1947)  (4695,1850)  (4893,1995)  (4743,1803)  (4791,1803)  (4711,1755)  (4690,1707)  (4659,1659)
Shimotsuke  (4718,1357)  (4670,1404)  (4670,1356)  (4765,1405)  (4718,1309)  (4766,1309)  (4766,1357)  (4668,1308)  (4717,1452)  (4669,1452)  (4813,1405)  (4784,1453)  (4716,1261)  (4764,1261)  (4812,1261)  (4814,1309)  (4814,1357)  (4860,1215)  (4736,1500)  (4688,1500)  (4862,1263)  (4862,1311)  (4862,1359)  (4736,1548)  (4688,1548)  (4910,1255)  (4910,1303)  (4714,1596)
South Dewa  (5074,917)  (5026,964)  (5026,916)  (5105,965)  (5074,869)  (5122,869)  (5122,917)  (5057,1012)  (5009,1012)  (4978,964)  (5089,821)  (5137,821)  (5170,869)  (5185,806)  (4961,1029)  (4930,981)  (5091,773)  (5139,758)  (5187,758)  (5233,806)  (5235,758)  (4882,1026)  (4834,1026)  (4786,1024)
South Harima  (2548,1612)  (2500,1659)  (2500,1611)  (2595,1660)  (2548,1564)  (2596,1564)  (2596,1612)  (2547,1707)  (2515,1516)  (2563,1516)
South Ise  (3174,2280)  (3126,2327)  (3126,2279)  (3214,2328)  (3174,2232)  (3222,2232)  (3222,2280)  (3078,2356)  (3078,2308)  (3254,2184)  (3270,2232)  (3302,2152)  (3030,2386)  (3318,2200)  (3350,2139)  (2982,2414)
South Mikawa  (3682,2255)  (3634,2302)  (3634,2254)  (3729,2303)  (3682,2207)  (3730,2207)  (3730,2255)  (3632,2206)  (3681,2350)  (3633,2350)  (3586,2261)  (3775,2351)
South Mino  (3660,1735)  (3612,1782)  (3612,1734)  (3707,1783)  (3660,1687)  (3708,1687)  (3708,1735)  (3610,1686)  (3659,1830)  (3611,1830)  (3564,1754)  (3712,1831)  (3658,1639)  (3706,1639)  (3756,1706)  (3756,1754)  (3562,1706)  (3562,1658)  (3664,1878)  (3616,1878)
South Musashi  (4533,2006)  (4485,2053)  (4485,2005)  (4580,2054)  (4533,1958)  (4581,1958)  (4581,2006)  (4483,1957)  (4492,2101)  (4437,2090)  (4628,2054)  (4531,1910)  (4579,1910)  (4629,1932)  (4629,1980)  (4472,1909)  (4637,2102)
South Mutsu  (4958,1147)  (4910,1162)  (4910,1114)  (5005,1195)  (4958,1099)  (5006,1119)  (4862,1148)  (4862,1100)  (5053,1167)  (5053,1215)  (5054,1116)  (5082,1263)  (4814,1155)  (4814,1107)  (5101,1164)  (5101,1212)  (5130,1260)  (4766,1168)  (4766,1120)  (5149,1129)  (5149,1177)  (5178,1225)  (5178,1273)  (4736,1072)  (4718,1204)  (4718,1156)  (4688,1108)  (4670,1206)  (4670,1158)
South Shinano  (3892,1695)  (3844,1742)  (3844,1694)  (3939,1743)  (3892,1647)  (3940,1647)  (3940,1695)  (3891,1790)  (3843,1790)  (3987,1743)  (3987,1791)  (3939,1791)  (3901,1599)  (3949,1599)  (3997,1590)  (3911,1551)  (3959,1542)
Suo  (1470,1138)  (1422,1157)  (1422,1109)  (1517,1186)  (1470,1090)  (1518,1090)  (1518,1138)  (1392,1061)  (1374,1136)  (1557,1234)  (1509,1234)  (1344,1088)  (1579,1282)  (1531,1282)  (1296,1097)
Suruga  (4109,1882)  (4061,1878)  (4156,1930)  (4108,1930)  (4109,1834)  (4157,1834)  (4157,1882)  (4056,1830)  (4173,1978)  (4125,1978)  (4205,1817)  (4205,1865)  (4067,1782)  (4077,2013)  (4156,2026)  (4108,2061)  (4060,2061)  (4146,2109)  (4098,2109)  (4134,2157)  (4086,2157)  (4092,2205)
SZ1  (171,134)  (123,181)  (123,133)  (218,182)  (171,86)  (219,86)  (219,134)  (121,85)  (170,229)  (122,229)  (75,181)  (75,133)  (266,182)  (266,230)  (218,230)  (74,230)  (169,38)  (217,38)  (265,38)  (267,86)  (267,134)  (73,85)  (73,37)  (121,37)  (313,1)  (170,277)  (122,277)  (27,182)  (27,134)  (314,182)  (314,230)  (314,278)  (266,278)  (218,278)  (74,278)  (26,278)  (26,230)  (315,49)  (315,97)  (25,86)  (25,38)  (361,1)  (362,145)  (362,193)  (362,241)  (362,289)  (363,49)  (363,97)
SZ10  (782,489)  (734,536)  (734,488)  (829,537)  (782,441)  (830,441)  (830,489)  (732,440)  (781,584)  (733,584)  (686,536)  (686,488)  (877,537)  (685,585)  (780,393)  (828,393)  (876,393)  (878,441)  (878,489)  (684,440)  (684,392)  (732,392)  (755,632)  (638,537)  (638,489)  (707,633)  (659,633)  (637,585)  (780,345)  (828,345)  (876,345)  (636,441)  (636,393)  (636,345)  (684,344)  (732,344)  (611,659)
SZ11  (1194,620)  (1146,667)  (1146,619)  (1241,668)  (1194,572)  (1242,572)  (1242,620)  (1144,571)  (1193,715)  (1145,715)  (1098,667)  (1098,619)  (1289,668)  (1289,716)  (1241,716)  (1097,716)  (1192,524)  (1240,524)  (1288,524)  (1290,572)  (1290,620)  (1096,571)  (1096,523)  (1144,523)  (1336,478)  (1193,763)  (1145,763)  (1050,627)  (1337,668)  (1337,716)  (1337,764)  (1289,764)  (1241,764)  (1097,764)  (1049,764)  (1192,476)  (1240,476)  (1288,476)  (1338,526)  (1338,574)  (1048,579)  (1048,531)  (1048,483)  (1096,475)  (1144,475)  (1008,435)  (1336,430)  (1169,811)  (1358,812)  (1310,812)  (1121,812)  (1073,812)  (1025,812)
SZ12  (1629,554)  (1581,601)  (1581,553)  (1676,602)  (1629,506)  (1677,506)  (1677,554)  (1579,505)  (1628,649)  (1580,649)  (1533,601)  (1533,553)  (1724,602)  (1724,650)  (1676,650)  (1532,650)  (1627,458)  (1675,458)  (1723,458)  (1725,506)  (1725,554)  (1531,505)  (1531,457)  (1579,457)  (1771,412)  (1628,697)  (1580,697)  (1485,602)  (1485,554)  (1772,602)  (1772,650)  (1772,698)  (1724,698)  (1676,698)  (1532,698)  (1484,698)  (1484,650)  (1627,410)  (1675,410)  (1723,410)  (1773,460)  (1773,508)  (1483,506)  (1483,458)  (1483,410)  (1531,409)  (1579,409)  (1771,364)  (1819,364)  (1819,412)  (1628,745)  (1580,745)  (1437,602)  (1437,554)
SZ13  (2230,560)  (2182,607)  (2182,559)  (2277,608)  (2230,512)  (2278,512)  (2278,560)  (2180,511)  (2229,655)  (2181,655)  (2134,607)  (2134,559)  (2325,608)  (2325,656)  (2277,656)  (2133,656)  (2228,464)  (2276,464)  (2324,464)  (2326,512)  (2326,560)  (2132,511)  (2132,463)  (2180,463)  (2372,418)  (2229,703)  (2181,703)  (2086,608)  (2086,560)  (2373,608)  (2373,656)  (2373,704)  (2325,704)  (2277,704)  (2133,704)  (2085,704)  (2085,656)  (2228,416)  (2276,416)  (2324,416)  (2374,466)  (2374,514)  (2084,512)  (2084,464)  (2084,416)  (2132,415)  (2180,415)  (2372,370)  (2420,389)  (2038,608)  (2038,560)
SZ14  (2706,619)  (2658,666)  (2658,618)  (2753,667)  (2706,571)  (2754,571)  (2754,619)  (2656,570)  (2705,714)  (2657,714)  (2610,666)  (2610,618)  (2801,667)  (2801,715)  (2753,715)  (2609,715)  (2704,523)  (2752,523)  (2800,523)  (2802,571)  (2802,619)  (2608,570)  (2608,522)  (2656,522)  (2848,477)  (2705,762)  (2657,762)  (2562,667)  (2562,619)  (2848,763)  (2800,763)  (2609,763)  (2561,763)  (2561,715)  (2704,475)  (2752,475)  (2800,475)  (2850,525)  (2850,573)  (2560,571)  (2560,523)  (2848,429)  (2896,429)  (2896,477)  (2752,810)  (2704,810)  (2848,811)  (2800,811)  (2656,811)  (2728,427)  (2776,427)  (2898,525)  (2898,573)
SZ15  (3066,815)  (3018,862)  (3018,814)  (3113,863)  (3066,767)  (3114,767)  (3114,815)  (3016,766)  (3065,910)  (3017,910)  (2970,862)  (2970,814)  (3161,863)  (3161,911)  (3113,911)  (2969,911)  (3064,719)  (3112,719)  (3160,719)  (3162,767)  (3162,815)  (2968,766)  (2968,718)  (3016,718)  (3208,673)  (3065,958)  (3017,958)  (2922,863)  (2922,815)  (3209,863)  (3209,911)  (3209,959)  (3161,959)  (3113,959)  (2921,911)  (3064,671)  (3112,671)  (3160,671)  (3210,721)  (3210,769)  (2920,767)  (2920,719)  (2920,671)  (2968,670)  (3016,670)  (3256,645)  (3065,1006)  (3017,1006)  (3257,817)  (3257,865)  (3257,913)
SZ16  (3446,569)  (3398,616)  (3398,568)  (3493,617)  (3446,521)  (3494,521)  (3494,569)  (3396,520)  (3445,664)  (3397,664)  (3350,616)  (3350,568)  (3541,617)  (3541,665)  (3493,665)  (3349,665)  (3444,473)  (3492,473)  (3540,473)  (3542,521)  (3542,569)  (3348,520)  (3348,472)  (3396,472)  (3588,427)  (3445,712)  (3397,712)  (3302,596)  (3589,617)  (3589,665)  (3589,713)  (3541,713)  (3493,713)  (3349,713)  (3444,425)  (3492,425)  (3540,425)  (3590,475)  (3590,523)  (3300,548)  (3300,500)  (3300,452)  (3348,424)  (3396,424)  (3280,404)  (3636,380)  (3445,760)  (3397,760)  (3254,596)  (3637,571)  (3637,619)  (3637,667)  (3637,715)
SZ17  (3995,548)  (3947,595)  (3947,547)  (4042,596)  (3995,500)  (4043,500)  (4043,548)  (3945,499)  (3994,643)  (3946,643)  (3899,595)  (3899,547)  (4090,596)  (4090,644)  (4042,644)  (3898,644)  (3993,452)  (4041,452)  (4089,452)  (4091,500)  (4091,548)  (3897,499)  (3897,451)  (3945,451)  (4137,406)  (3994,691)  (3946,691)  (3851,596)  (3851,548)  (4138,596)  (4138,644)  (4138,692)  (4090,692)  (4042,692)  (3898,692)  (3850,687)  (3993,404)  (4041,404)  (4089,404)  (4139,454)  (4139,502)  (3849,500)  (3849,452)  (3849,404)  (3897,403)  (3945,403)  (4185,380)  (3803,639)  (3803,591)  (4186,550)  (4186,685)
SZ18  (4059,910)  (4011,957)  (4011,909)  (4106,958)  (4059,862)  (4107,862)  (4107,910)  (4009,861)  (4058,1005)  (4010,1005)  (3963,957)  (3963,909)  (4154,958)  (4154,1006)  (4106,1006)  (3962,1006)  (4057,814)  (4105,814)  (4153,814)  (4155,862)  (4155,910)  (4201,776)  (3915,958)  (3915,910)  (4202,958)  (4202,1006)  (4037,766)  (4085,766)  (4133,766)  (4203,824)  (4203,872)  (3882,1006)  (3867,958)  (3867,910)  (4250,920)  (4250,968)  (4251,797)  (4251,845)  (3819,1003)  (3819,955)  (3819,907)  (3771,985)  (3771,937)  (3723,903)
SZ19  (4633,682)  (4585,729)  (4585,681)  (4680,730)  (4633,634)  (4681,634)  (4681,682)  (4583,633)  (4632,777)  (4584,777)  (4537,729)  (4537,681)  (4728,730)  (4728,778)  (4680,778)  (4536,778)  (4631,586)  (4679,586)  (4727,586)  (4729,634)  (4729,682)  (4535,633)  (4535,585)  (4583,585)  (4775,540)  (4629,825)  (4489,730)  (4776,730)  (4581,826)  (4533,826)  (4488,778)  (4631,538)  (4679,538)  (4727,538)  (4777,588)  (4777,636)  (4525,537)  (4573,537)  (4485,829)  (4775,492)  (4823,492)  (4823,540)  (4824,684)  (4440,781)  (4621,490)  (4669,490)  (4717,490)  (4825,588)  (4825,636)  (4565,489)  (4437,865)
SZ2  (678,136)  (630,183)  (630,135)  (725,184)  (678,88)  (726,88)  (726,136)  (628,87)  (677,231)  (629,231)  (582,183)  (582,135)  (773,184)  (773,232)  (725,232)  (581,232)  (676,40)  (724,40)  (772,40)  (774,88)  (774,136)  (580,87)  (580,39)  (628,39)  (677,279)  (629,279)  (534,184)  (534,136)  (801,280)  (753,280)  (581,280)  (533,280)  (533,232)  (532,88)  (532,40)  (486,184)  (486,136)  (485,295)  (485,247)  (484,88)  (484,40)
SZ20  (202,1148)  (154,1195)  (154,1147)  (249,1196)  (202,1100)  (250,1100)  (250,1148)  (152,1099)  (201,1243)  (153,1243)  (106,1195)  (106,1147)  (297,1196)  (297,1244)  (249,1244)  (105,1244)  (200,1052)  (248,1052)  (296,1052)  (298,1100)  (298,1148)  (104,1099)  (104,1051)  (152,1051)  (344,1006)  (201,1291)  (153,1291)  (58,1196)  (58,1148)  (345,1196)  (345,1244)  (345,1292)  (297,1292)  (249,1292)  (105,1292)  (57,1292)  (57,1244)  (200,1004)  (248,1004)  (296,1004)  (346,1054)  (346,1102)  (56,1100)  (56,1052)  (56,1004)  (104,1003)  (152,1003)  (344,958)  (392,958)  (392,1006)  (201,1339)  (153,1339)  (10,1196)  (10,1148)
SZ21  (741,919)  (693,966)  (693,918)  (788,967)  (741,871)  (789,871)  (789,919)  (691,870)  (740,1014)  (692,1014)  (645,966)  (645,918)  (836,967)  (836,1015)  (788,1015)  (644,1015)  (739,823)  (787,823)  (835,823)  (837,871)  (837,919)  (643,870)  (643,822)  (691,822)  (883,815)  (740,1062)  (692,1062)  (884,967)  (884,1015)  (843,1063)  (795,1063)  (644,1063)  (739,775)  (885,863)  (885,911)  (609,774)  (657,774)  (669,1111)  (705,727)  (753,727)  (609,726)  (657,726)
SZ22  (1249,1197)  (1201,1230)  (1201,1182)  (1256,1245)  (1297,1167)  (1304,1215)  (1185,1134)  (1352,1207)  (1385,1255)  (1411,1303)  (1433,1244)  (1459,1322)
SZ23  (1553,1510)  (1505,1557)  (1505,1509)  (1600,1558)  (1553,1462)  (1601,1462)  (1601,1510)  (1503,1461)  (1457,1575)  (1457,1527)  (1648,1558)  (1648,1606)  (1600,1606)  (1558,1414)  (1606,1414)  (1649,1462)  (1649,1510)  (1455,1479)  (1455,1431)  (1654,1409)  (1696,1558)  (1696,1606)  (1697,1457)  (1697,1505)  (1407,1469)  (1407,1421)  (1627,1361)  (1675,1361)  (1359,1449)
SZ24  (1289,1812)  (1309,1860)  (1261,1860)  (1337,1781)  (1213,1887)  (1309,1908)  (1261,1908)  (1387,1765)  (1213,1935)  (1165,1935)  (1425,1717)  (1431,1669)  (1333,1956)  (1285,1956)  (1237,1983)  (1189,1983)  (1141,1983)  (1479,1683)
SZ25  (1137,2319)  (1089,2366)  (1089,2318)  (1184,2367)  (1137,2271)  (1185,2271)  (1185,2319)  (1087,2270)  (1136,2414)  (1088,2414)  (1041,2366)  (1041,2318)  (1232,2367)  (1232,2415)  (1184,2415)  (1040,2415)  (1135,2223)  (1183,2223)  (1231,2223)  (1233,2271)  (1233,2319)  (1039,2270)  (1039,2222)  (1087,2222)  (1279,2177)  (1136,2462)  (1088,2462)  (993,2367)  (993,2319)  (1280,2367)  (1280,2415)  (1280,2463)  (1232,2463)  (1184,2463)  (1040,2463)  (992,2463)  (992,2415)  (1135,2175)  (1183,2175)  (1231,2175)  (1281,2225)  (1281,2273)  (991,2271)  (1022,2174)  (1070,2174)  (1279,2129)  (1327,2130)  (1136,2510)  (1088,2510)  (945,2367)  (945,2319)
SZ26  (201,1889)  (153,1936)  (153,1888)  (248,1937)  (201,1841)  (249,1841)  (249,1889)  (151,1840)  (200,1984)  (152,1984)  (105,1936)  (105,1888)  (296,1937)  (296,1985)  (248,1985)  (104,1985)  (199,1793)  (247,1793)  (295,1793)  (297,1841)  (297,1889)  (103,1840)  (103,1792)  (151,1792)  (343,1747)  (200,2032)  (152,2032)  (57,1937)  (57,1889)  (344,1937)  (344,1985)  (344,2033)  (296,2033)  (248,2033)  (104,2033)  (56,2033)  (56,1985)  (199,1745)  (247,1745)  (295,1745)  (345,1795)  (345,1843)  (55,1841)  (55,1793)  (55,1745)  (103,1744)  (151,1744)  (343,1699)  (391,1699)  (391,1747)  (200,2080)  (152,2080)  (9,1937)  (9,1889)
SZ27  (287,2406)  (239,2453)  (239,2405)  (334,2454)  (287,2358)  (335,2358)  (335,2406)  (237,2357)  (286,2501)  (238,2501)  (191,2453)  (191,2405)  (382,2454)  (382,2502)  (334,2502)  (190,2502)  (285,2310)  (333,2310)  (381,2310)  (383,2358)  (383,2406)  (189,2357)  (189,2309)  (237,2309)  (429,2277)  (143,2454)  (143,2406)  (430,2454)  (430,2502)  (142,2530)  (285,2262)  (333,2262)  (381,2262)  (431,2325)  (431,2373)  (141,2358)  (141,2310)  (141,2262)  (189,2261)  (237,2261)  (95,2482)  (95,2434)  (478,2432)  (478,2480)  (478,2528)  (94,2530)  (93,2386)  (93,2338)  (93,2290)  (93,2242)  (47,2482)  (47,2434)
SZ28  (1937,1635)  (1889,1682)  (1889,1634)  (1984,1683)  (1937,1587)  (1985,1587)  (1985,1635)  (1887,1586)  (1936,1730)  (1888,1730)  (1841,1682)  (1841,1634)  (2032,1683)  (2033,1574)  (2033,1622)  (1839,1586)  (1839,1538)  (1887,1538)  (2036,1731)  (1791,1623)  (1791,1575)  (1791,1527)
SZ29  (2283,1750)  (2235,1797)  (2235,1749)  (2330,1798)  (2283,1702)  (2331,1702)  (2331,1750)  (2233,1701)  (2282,1845)  (2234,1845)  (2187,1797)  (2187,1749)  (2378,1798)  (2281,1654)  (2329,1654)  (2377,1654)  (2379,1702)  (2379,1750)  (2185,1701)  (2185,1653)  (2233,1653)  (2139,1755)  (2427,1698)  (2427,1746)  (2427,1794)  (2137,1707)  (2137,1659)
SZ3  (1412,90)  (1364,133)  (1364,85)  (1459,138)  (1412,42)  (1460,42)  (1460,90)  (1358,37)  (1316,143)  (1316,95)  (1507,138)  (1508,1)  (1508,49)  (1310,47)  (1544,186)  (1268,181)  (1268,133)  (1555,97)  (1555,234)  (1556,1)  (1556,49)  (1262,85)  (1262,37)  (1592,145)  (1220,195)  (1220,147)  (1603,97)  (1603,193)  (1603,241)  (1604,1)  (1604,49)  (1214,99)  (1214,51)  (1214,3)  (1640,145)  (1172,219)  (1172,171)  (1651,97)  (1651,193)  (1651,241)  (1652,1)  (1652,49)  (1166,123)  (1166,75)  (1166,27)  (1688,145)  (1124,227)  (1124,179)  (1699,97)  (1699,193)  (1699,241)
SZ30  (2567,1979)  (2519,2026)  (2519,1978)  (2614,2027)  (2567,1931)  (2615,1931)  (2615,1979)  (2517,1930)  (2566,2074)  (2518,2074)  (2471,2026)  (2662,2027)  (2565,1883)  (2613,1883)  (2663,1965)
SZ31  (1697,2350)  (1649,2397)  (1649,2349)  (1744,2398)  (1697,2302)  (1745,2302)  (1745,2350)  (1647,2301)  (1696,2445)  (1648,2445)  (1601,2397)  (1601,2349)  (1792,2398)  (1792,2446)  (1744,2446)  (1600,2446)  (1695,2254)  (1743,2254)  (1791,2254)  (1793,2302)  (1793,2350)  (1599,2301)  (1599,2253)  (1647,2253)  (1696,2493)  (1648,2493)  (1553,2398)  (1553,2350)  (1840,2398)  (1840,2446)  (1840,2494)  (1792,2494)  (1744,2494)  (1600,2494)  (1552,2494)  (1552,2446)  (1695,2206)  (1743,2206)  (1791,2206)  (1841,2332)  (1551,2302)  (1551,2254)  (1551,2206)  (1599,2205)  (1647,2205)  (1505,2398)  (1505,2350)  (1888,2380)  (1888,2428)  (1888,2476)  (1888,2524)
SZ32  (2163,2361)  (2115,2408)  (2115,2360)  (2210,2409)  (2163,2313)  (2211,2313)  (2211,2361)  (2113,2312)  (2162,2456)  (2114,2456)  (2067,2408)  (2067,2360)  (2258,2409)  (2258,2457)  (2210,2457)  (2066,2457)  (2161,2265)  (2209,2265)  (2259,2337)  (2065,2312)  (2257,2235)  (2162,2504)  (2114,2504)  (2306,2408)  (2306,2456)  (2306,2504)  (2258,2505)  (2210,2505)  (2066,2505)  (2162,2217)  (2305,2208)  (2210,2187)  (2353,2161)  (2258,2160)  (2194,2139)  (2306,2113)  (2354,2113)  (2242,2112)  (2290,2065)  (2338,2065)  (2386,2065)  (2206,2064)
SZ33  (1082,2808)  (1034,2855)  (1034,2807)  (1129,2856)  (1082,2760)  (1130,2760)  (1130,2808)  (1032,2759)  (1081,2903)  (1033,2903)  (986,2855)  (986,2807)  (1177,2856)  (1177,2904)  (1129,2904)  (985,2904)  (1080,2712)  (1128,2712)  (1176,2712)  (1178,2760)  (1178,2808)  (984,2759)  (984,2711)  (1032,2711)  (1224,2666)  (1081,2951)  (1033,2951)  (938,2856)  (938,2808)  (1225,2856)  (1225,2904)  (1225,2952)  (1177,2952)  (1129,2952)  (985,2952)  (937,2952)  (937,2904)  (1080,2664)  (1128,2664)  (1176,2664)  (1226,2714)  (1226,2762)  (936,2760)  (936,2712)  (936,2664)  (984,2663)  (1032,2663)  (1224,2618)  (1272,2618)  (1272,2666)  (1081,2999)  (1033,2999)  (890,2856)  (890,2808)
SZ34  (1667,2818)  (1619,2865)  (1619,2817)  (1714,2866)  (1667,2770)  (1715,2770)  (1715,2818)  (1617,2769)  (1666,2913)  (1618,2913)  (1571,2865)  (1571,2817)  (1762,2866)  (1762,2914)  (1714,2914)  (1570,2914)  (1665,2722)  (1713,2722)  (1761,2722)  (1763,2770)  (1763,2818)  (1569,2769)  (1569,2721)  (1617,2721)  (1809,2676)  (1666,2961)  (1618,2961)  (1523,2866)  (1523,2818)  (1810,2866)  (1810,2914)  (1810,2962)  (1762,2962)  (1714,2962)  (1570,2962)  (1522,2962)  (1522,2914)  (1665,2674)  (1713,2674)  (1761,2674)  (1811,2724)  (1811,2772)  (1521,2770)  (1521,2722)  (1521,2674)  (1569,2673)  (1617,2673)  (1809,2628)  (1857,2628)  (1857,2676)  (1666,3009)  (1618,3009)  (1475,2866)  (1475,2818)
SZ35  (2347,2851)  (2299,2898)  (2299,2850)  (2394,2899)  (2347,2803)  (2395,2803)  (2395,2851)  (2297,2802)  (2346,2946)  (2298,2946)  (2251,2898)  (2251,2850)  (2442,2899)  (2442,2947)  (2394,2947)  (2250,2947)  (2345,2755)  (2393,2755)  (2441,2755)  (2443,2803)  (2443,2851)  (2249,2802)  (2249,2754)  (2297,2754)  (2489,2749)  (2346,2994)  (2298,2994)  (2203,2899)  (2203,2851)  (2490,2899)  (2490,2947)  (2490,2995)  (2442,2995)  (2394,2995)  (2250,2995)  (2202,2995)  (2202,2947)  (2345,2707)  (2393,2707)  (2491,2797)  (2491,2845)  (2201,2803)  (2201,2755)  (2201,2707)  (2249,2706)  (2297,2706)  (2155,2899)  (2155,2851)  (2538,2893)  (2538,2941)  (2538,2989)
SZ36  (3336,2852)  (3288,2899)  (3288,2851)  (3383,2900)  (3336,2804)  (3384,2804)  (3384,2852)  (3286,2803)  (3335,2947)  (3287,2947)  (3240,2899)  (3240,2851)  (3431,2900)  (3431,2948)  (3383,2948)  (3239,2948)  (3334,2756)  (3382,2756)  (3430,2756)  (3432,2804)  (3432,2852)  (3238,2803)  (3238,2755)  (3286,2755)  (3478,2710)  (3335,2995)  (3287,2995)  (3192,2900)  (3192,2852)  (3479,2900)  (3479,2948)  (3479,2996)  (3431,2996)  (3383,2996)  (3239,2996)  (3191,2996)  (3191,2948)  (3334,2708)  (3382,2708)  (3430,2708)  (3480,2758)  (3480,2806)  (3190,2804)  (3190,2756)  (3184,2708)  (3478,2662)  (3526,2662)  (3526,2710)  (3144,2900)  (3144,2852)  (3527,2854)  (3527,2902)  (3527,2950)  (3527,2998)
SZ37  (3424,2426)  (3376,2473)  (3376,2425)  (3471,2474)  (3424,2378)  (3472,2409)  (3374,2377)  (3423,2521)  (3328,2467)  (3519,2457)  (3519,2505)  (3471,2522)  (3326,2419)  (3326,2371)  (3322,2323)  (3506,2314)  (3550,2553)  (3423,2569)  (3567,2414)  (3567,2462)  (3502,2570)  (3598,2510)  (3598,2558)
SZ38  (3792,2437)  (3744,2484)  (3744,2436)  (3839,2485)  (3830,2389)  (3840,2437)  (3878,2351)  (3696,2500)  (3696,2452)  (3830,2341)  (3888,2399)  (3914,2303)  (3926,2351)  (3962,2278)  (4013,2258)
SZ39  (3976,2804)  (3928,2851)  (3928,2803)  (4023,2852)  (3976,2756)  (4024,2756)  (4024,2804)  (3926,2755)  (3975,2899)  (3927,2899)  (3880,2851)  (3880,2803)  (4071,2852)  (4071,2900)  (4023,2900)  (3879,2900)  (3974,2708)  (4022,2708)  (4070,2708)  (4072,2756)  (4072,2804)  (3878,2755)  (3878,2707)  (3926,2707)  (4118,2662)  (3975,2947)  (3927,2947)  (3832,2852)  (3832,2804)  (4119,2852)  (4119,2900)  (4119,2948)  (4071,2948)  (4023,2948)  (3879,2948)  (3831,2948)  (3831,2900)  (3974,2660)  (4022,2660)  (4070,2660)  (4120,2710)  (4120,2758)  (3830,2756)  (3830,2708)  (3830,2660)  (3878,2659)  (3926,2659)  (4118,2614)  (4166,2614)  (4166,2662)  (3975,2995)  (3927,2995)  (3784,2852)  (3784,2804)
SZ4  (2443,134)  (2395,181)  (2395,133)  (2490,182)  (2443,86)  (2491,86)  (2491,134)  (2393,85)  (2442,229)  (2394,229)  (2347,181)  (2347,133)  (2538,182)  (2538,230)  (2490,230)  (2346,230)  (2441,38)  (2489,38)  (2537,38)  (2539,86)  (2539,134)  (2345,85)  (2345,37)  (2393,37)  (2585,1)  (2442,277)  (2394,277)  (2299,182)  (2299,134)  (2586,182)  (2586,230)  (2298,277)  (2587,49)  (2587,97)  (2297,86)  (2297,38)  (2633,1)  (2251,229)  (2251,181)  (2634,145)  (2634,193)  (2634,241)  (2250,277)  (2635,49)  (2635,97)  (2249,133)  (2249,85)  (2249,37)  (2681,1)  (2203,229)  (2203,181)
SZ40  (4340,2408)  (4292,2455)  (4292,2407)  (4387,2456)  (4388,2406)  (4290,2359)  (4244,2481)  (4244,2433)  (4436,2397)  (4454,2333)  (4465,2283)  (4196,2481)  (4472,2235)  (4520,2222)  (4568,2180)
SZ41  (5025,2686)  (4977,2733)  (4977,2685)  (5072,2734)  (5025,2638)  (5073,2638)  (5073,2686)  (4975,2637)  (5024,2781)  (4976,2781)  (4929,2733)  (4929,2685)  (5120,2734)  (5120,2782)  (5072,2782)  (4928,2782)  (5023,2590)  (5071,2590)  (5119,2590)  (5121,2638)  (5121,2686)  (4927,2637)  (4927,2589)  (4975,2589)  (5167,2544)  (5024,2829)  (4976,2829)  (4881,2734)  (4881,2686)  (5168,2734)  (5168,2782)  (5168,2830)  (5120,2830)  (5072,2830)  (4928,2830)  (4880,2830)  (4880,2782)  (5023,2542)  (5071,2542)  (5119,2542)  (5169,2592)  (5169,2640)  (4879,2638)  (4879,2590)  (4879,2542)  (4927,2541)  (4975,2541)  (5167,2496)  (5215,2496)  (5215,2544)  (5024,2877)  (4976,2877)  (4833,2734)  (4833,2686)
SZ42  (5814,2748)  (5766,2795)  (5766,2747)  (5861,2796)  (5814,2700)  (5862,2700)  (5862,2748)  (5764,2699)  (5813,2843)  (5765,2843)  (5718,2795)  (5718,2747)  (5909,2796)  (5909,2844)  (5861,2844)  (5717,2844)  (5812,2652)  (5860,2652)  (5908,2652)  (5910,2700)  (5910,2748)  (5716,2699)  (5716,2651)  (5764,2651)  (5956,2606)  (5813,2891)  (5765,2891)  (5670,2796)  (5670,2748)  (5957,2796)  (5957,2844)  (5957,2892)  (5909,2892)  (5861,2892)  (5717,2892)  (5669,2892)  (5669,2844)  (5812,2604)  (5860,2604)  (5908,2604)  (5958,2654)  (5958,2702)  (5668,2700)  (5668,2652)  (5668,2604)  (5716,2603)  (5764,2603)  (5956,2558)  (6004,2558)  (6004,2606)  (5813,2939)  (5765,2939)  (5622,2796)  (5622,2748)
SZ43  (5314,1839)  (5266,1886)  (5266,1838)  (5361,1887)  (5314,1791)  (5362,1791)  (5362,1839)  (5264,1790)  (5313,1934)  (5265,1934)  (5218,1886)  (5218,1838)  (5409,1887)  (5409,1935)  (5361,1935)  (5217,1935)  (5312,1743)  (5360,1743)  (5408,1743)  (5410,1791)  (5410,1839)  (5216,1790)  (5216,1742)  (5264,1742)  (5313,1982)  (5265,1982)  (5170,1887)  (5170,1839)  (5442,1983)  (5394,1983)  (5217,1983)  (5169,1983)  (5169,1935)  (5312,1695)  (5360,1695)  (5408,1695)  (5168,1791)  (5168,1743)  (5168,1695)  (5216,1694)  (5264,1694)  (5346,2030)  (5298,2030)  (5122,1887)  (5122,1839)  (5442,2031)  (5394,2031)  (5250,2031)  (5202,2031)  (5154,2031)  (5121,1983)  (5121,1935)  (5121,1647)
SZ44  (5813,2063)  (5765,2110)  (5765,2062)  (5860,2111)  (5813,2015)  (5861,2015)  (5861,2063)  (5763,2014)  (5812,2158)  (5764,2158)  (5717,2110)  (5717,2062)  (5908,2111)  (5908,2159)  (5860,2159)  (5716,2159)  (5811,1967)  (5859,1967)  (5907,1967)  (5909,2015)  (5909,2063)  (5715,2014)  (5715,1966)  (5763,1966)  (5955,1921)  (5812,2206)  (5764,2206)  (5669,2111)  (5669,2063)  (5956,2111)  (5956,2159)  (5956,2207)  (5908,2207)  (5860,2207)  (5716,2207)  (5668,2207)  (5668,2159)  (5811,1919)  (5859,1919)  (5907,1919)  (5957,1969)  (5957,2017)  (5667,2015)  (5667,1967)  (5667,1919)  (5715,1918)  (5763,1918)  (5955,1873)  (6003,1873)  (6003,1921)  (5812,2254)  (5764,2254)  (5621,2111)  (5621,2063)
SZ45  (5919,1765)  (5871,1804)  (5871,1756)  (5919,1717)  (5967,1717)  (5967,1765)  (5861,1708)  (5823,1804)  (5823,1756)  (5909,1669)  (5957,1669)  (6005,1669)  (6015,1717)  (6015,1765)  (5813,1708)  (5813,1660)  (5861,1660)  (6053,1631)  (5775,1804)  (5775,1756)  (5909,1621)  (5957,1621)  (6005,1621)  (6063,1679)  (6063,1727)  (6063,1775)  (5765,1708)  (5765,1660)  (5765,1612)  (5813,1612)  (5861,1612)  (6053,1583)  (5727,1804)  (5727,1756)  (5909,1573)  (5957,1573)  (6005,1573)  (5717,1708)  (5717,1660)  (5717,1612)  (5717,1564)  (5765,1564)  (5813,1564)  (5861,1564)  (6053,1535)  (5679,1804)  (5679,1756)  (5909,1525)  (5957,1525)  (6005,1525)  (5669,1708)  (5669,1660)  (5669,1612)  (5669,1564)  (5669,1516)
SZ46  (290,2827)  (242,2874)  (242,2826)  (337,2875)  (290,2779)  (338,2779)  (338,2827)  (240,2778)  (289,2922)  (241,2922)  (194,2874)  (194,2826)  (385,2875)  (385,2923)  (337,2923)  (193,2923)  (288,2731)  (336,2731)  (384,2731)  (386,2779)  (386,2827)  (192,2778)  (192,2730)  (240,2730)  (432,2685)  (289,2970)  (241,2970)  (146,2875)  (146,2827)  (433,2875)  (433,2923)  (433,2971)  (385,2971)  (337,2971)  (193,2971)  (145,2971)  (145,2923)  (288,2683)  (336,2683)  (384,2683)  (434,2733)  (434,2781)  (144,2779)  (144,2731)  (144,2683)  (192,2682)  (240,2682)  (432,2637)  (480,2637)  (480,2685)  (289,3018)  (241,3018)  (98,2875)  (98,2827)
SZ47  (5782,1136)  (5734,1183)  (5734,1135)  (5829,1184)  (5782,1088)  (5830,1088)  (5830,1136)  (5732,1087)  (5781,1231)  (5733,1231)  (5686,1183)  (5686,1135)  (5877,1184)  (5877,1232)  (5829,1232)  (5685,1232)  (5780,1040)  (5828,1040)  (5876,1040)  (5878,1088)  (5878,1136)  (5684,1087)  (5684,1039)  (5732,1039)  (5924,994)  (5781,1279)  (5733,1279)  (5638,1184)  (5638,1136)  (5925,1184)  (5925,1232)  (5925,1280)  (5877,1280)  (5829,1280)  (5685,1280)  (5637,1280)  (5637,1232)  (5780,992)  (5828,992)  (5876,992)  (5926,1042)  (5926,1090)  (5636,1088)  (5636,1040)  (5636,992)  (5684,991)  (5732,991)  (5924,946)  (5972,946)  (5972,994)  (5781,1327)  (5733,1327)  (5590,1184)  (5590,1136)
SZ5  (3268,165)  (3220,212)  (3220,164)  (3315,213)  (3268,117)  (3316,117)  (3316,165)  (3218,116)  (3267,260)  (3219,260)  (3172,212)  (3172,164)  (3363,213)  (3363,261)  (3315,261)  (3171,261)  (3266,69)  (3314,69)  (3362,69)  (3364,117)  (3364,165)  (3170,116)  (3170,68)  (3218,68)  (3410,23)  (3267,308)  (3219,308)  (3124,213)  (3124,165)  (3411,213)  (3411,261)  (3411,309)  (3363,309)  (3315,309)  (3171,309)  (3123,309)  (3123,261)  (3266,21)  (3314,21)  (3362,21)  (3412,71)  (3412,119)  (3122,117)  (3122,69)  (3122,21)  (3170,20)  (3218,20)  (3458,1)  (3076,213)  (3076,165)  (3459,167)  (3459,215)  (3459,263)  (3459,311)
SZ6  (3954,154)  (3906,201)  (3906,153)  (4001,202)  (3954,106)  (4002,106)  (4002,154)  (3904,105)  (3953,249)  (3905,249)  (3858,201)  (3858,153)  (4049,202)  (4049,250)  (4001,250)  (3857,250)  (3952,58)  (4000,58)  (4048,58)  (4050,106)  (4050,154)  (3856,105)  (3856,57)  (3904,57)  (4096,12)  (3953,297)  (3905,297)  (3810,202)  (3810,154)  (4097,202)  (4097,250)  (4097,298)  (4049,298)  (4001,298)  (3857,298)  (3809,298)  (3809,250)  (3952,10)  (4000,10)  (4048,10)  (4098,60)  (4098,108)  (3808,106)  (3808,58)  (3808,10)  (3856,9)  (3904,9)  (4144,1)  (3762,202)  (3762,154)  (4145,156)  (4145,204)  (4145,252)  (4145,300)
SZ7  (4758,202)  (4710,249)  (4710,201)  (4805,250)  (4758,154)  (4806,154)  (4806,202)  (4708,153)  (4757,297)  (4709,297)  (4662,249)  (4662,201)  (4853,250)  (4853,298)  (4805,298)  (4661,298)  (4756,106)  (4804,106)  (4852,106)  (4854,154)  (4854,202)  (4660,153)  (4660,105)  (4708,105)  (4900,60)  (4757,345)  (4709,345)  (4614,250)  (4614,202)  (4901,250)  (4901,298)  (4901,346)  (4853,346)  (4805,346)  (4661,346)  (4613,346)  (4613,298)  (4756,58)  (4804,58)  (4852,58)  (4902,108)  (4902,156)  (4612,154)  (4612,106)  (4612,58)  (4660,57)  (4708,57)  (4900,12)  (4948,12)  (4948,60)  (4757,393)  (4709,393)  (4566,250)  (4566,202)
SZ8  (5838,359)  (5790,406)  (5790,358)  (5885,407)  (5838,311)  (5886,311)  (5886,359)  (5788,310)  (5837,454)  (5789,454)  (5742,406)  (5742,358)  (5933,407)  (5933,455)  (5885,455)  (5741,455)  (5836,263)  (5884,263)  (5932,263)  (5934,311)  (5934,359)  (5740,310)  (5740,262)  (5788,262)  (5980,217)  (5837,502)  (5789,502)  (5694,407)  (5694,359)  (5981,407)  (5981,455)  (5981,503)  (5933,503)  (5885,503)  (5741,503)  (5693,503)  (5693,455)  (5836,215)  (5884,215)  (5932,215)  (5982,265)  (5982,313)  (5692,311)  (5692,263)  (5699,214)  (5747,214)  (5980,169)  (6028,169)  (6028,217)  (5837,550)  (5789,550)  (5646,407)  (5646,359)
SZ9  (264,589)  (216,636)  (216,588)  (311,637)  (264,541)  (312,541)  (312,589)  (214,540)  (263,684)  (215,684)  (168,636)  (168,588)  (359,637)  (359,685)  (311,685)  (167,685)  (262,493)  (310,493)  (358,493)  (360,541)  (360,589)  (166,540)  (166,492)  (214,492)  (406,447)  (263,732)  (215,732)  (120,637)  (120,589)  (407,637)  (407,685)  (407,733)  (359,733)  (311,733)  (167,733)  (119,733)  (119,685)  (262,445)  (310,445)  (358,445)  (408,495)  (408,543)  (118,541)  (118,493)  (118,445)  (166,444)  (214,444)  (406,399)  (454,399)  (454,447)  (72,637)  (72,589)
Tajima  (2686,1083)  (2638,1130)  (2638,1082)  (2733,1131)  (2686,1035)  (2734,1035)  (2734,1083)  (2636,1034)  (2685,1178)  (2768,1179)  (2684,987)  (2588,1032)  (2636,986)  (2732,941)  (2772,1227)  (2684,939)  (2595,938)  (2599,890)
Tamba  (2863,1443)  (2815,1490)  (2815,1442)  (2910,1491)  (2863,1395)  (2911,1395)  (2911,1443)  (2813,1394)  (2827,1538)  (2779,1538)  (2767,1490)  (2767,1442)  (2958,1491)  (2959,1369)  (2959,1417)  (2765,1394)  (2765,1346)  (2813,1346)  (2964,1539)  (3006,1465)  (3007,1401)  (3012,1513)
Tango  (2885,1155)  (2837,1202)  (2837,1154)  (2932,1203)  (2885,1107)  (2933,1107)  (2933,1155)  (2835,1106)  (2884,1250)  (2836,1250)  (2970,1251)  (2883,1059)  (2981,1144)  (2798,1058)  (2922,1298)  (2874,1298)  (2980,1299)  (2846,1011)  (2796,1010)  (2894,1008)  (2844,963)  (2794,962)
Totomi  (3918,1989)  (3965,2037)  (3917,2037)  (3899,1941)  (3947,1941)  (3966,1989)  (3869,2047)  (3995,1912)  (3974,2085)  (3926,2085)  (3902,1893)  (4014,1960)  (3878,2095)  (3998,2133)  (3950,2133)  (3902,2143)  (3854,2148)  (3993,2181)  (3945,2191)  (3897,2196)  (3849,2196)  (3877,2244)  (3829,2244)
Tsushima  (1295,263)  (1247,310)  (1247,262)  (1343,236)  (1343,284)  (1381,188)  (1213,358)  (1199,310)  (1391,236)  (1439,212)
Violet  (5949,2395)
Wakasa  (3135,1236)  (3087,1283)  (3087,1235)  (3182,1284)  (3135,1188)  (3183,1188)  (3183,1236)  (3085,1187)  (3134,1331)  (3086,1331)  (3039,1283)  (3230,1284)  (3191,1332)  (3190,1140)  (3231,1188)  (3231,1236)  (3037,1210)  (3037,1162)  (3238,1133)  (3206,1085)  (3254,1085)  (3221,1037)
West Echigo  (4386,1095)  (4338,1142)  (4338,1094)  (4433,1143)  (4386,1047)  (4434,1047)  (4434,1095)  (4336,1046)  (4290,1186)  (4290,1138)  (4481,1143)  (4389,999)  (4437,999)  (4482,1047)  (4482,1095)  (4288,1090)  (4485,996)  (4242,1196)  (4242,1148)  (4529,1143)  (4435,951)  (4530,1044)  (4530,1092)  (4483,948)  (4531,948)  (4533,996)  (4194,1211)  (4578,1044)  (4578,1092)
West Higo  (759,1778)  (711,1825)  (711,1777)  (806,1826)  (759,1730)  (807,1730)  (807,1778)  (709,1729)  (663,1820)  (854,1826)  (757,1682)  (855,1713)  (855,1761)  (661,1772)  (613,1806)
West Kii  (2482,2510)  (2434,2557)  (2434,2509)  (2529,2558)  (2482,2462)  (2530,2462)  (2530,2510)  (2432,2461)  (2481,2605)  (2433,2605)  (2386,2557)  (2577,2558)  (2577,2606)  (2529,2606)  (2480,2414)  (2528,2414)  (2578,2417)  (2578,2465)  (2388,2413)  (2615,2654)  (2567,2654)  (2519,2654)  (2436,2366)  (2358,2365)  (2406,2318)  (2323,2317)  (2371,2270)  (2318,2269)  (2378,2222)
West Tosa  (1533,2036)  (1485,2083)  (1485,2035)  (1580,2084)  (1533,1988)  (1581,1988)  (1581,2036)  (1483,1987)  (1437,2129)  (1437,2081)  (1629,1971)  (1629,2019)  (1435,2033)  (1435,1985)  (1389,2117)  (1677,1975)  (1677,2023)  (1725,1985)  (1725,2033)
Yamashiro  (3140,1639)  (3092,1686)  (3092,1638)  (3187,1687)  (3140,1591)  (3188,1591)  (3188,1639)  (3090,1590)  (3139,1734)  (3091,1734)  (3044,1686)  (3044,1638)  (3235,1687)  (3043,1735)  (3138,1543)  (3186,1543)  (3236,1561)  (3236,1609)  (3072,1542)  (3283,1657)  (3120,1495)  (3284,1590)
Yamato  (3028,2004)  (2980,2051)  (2980,2003)  (3075,2052)  (3028,1956)  (3076,1956)  (3076,2004)  (3027,2099)  (2979,2099)  (3078,2100)  (2984,1908)  (3032,1908)  (3080,1908)  (3124,1956)  (3128,1904)  (3030,2147)  (2982,2147)  (3084,2148)  (2988,1860)  (3036,1860)  (3084,1856)  (3132,1856)  (3036,2195)  (2988,2195)  (3064,1808)  (3112,1808)  (3038,2243)  (2990,2243)
Yellow  (6037,2375)
